pair	err_p0n0	err_p0n1	err_p1n0	err_p1n1
aa	0.0005	0.0013	0.0044	0.0029
ab	0.0065	0.0153	0.0510	0.0338
ac	0.0065	0.0153	0.0510	0.0338
ad	0.0042	0.0099	0.0333	0.0219
ae	0.0029	0.0069	0.0234	0.0154
af	0.0042	0.0099	0.0333	0.0219
ag	0.0042	0.0099	0.0333	0.0219
ah	0.0025	0.0060	0.0203	0.0133
ai	0.0018	0.0041	0.0142	0.0093
aj	0.0025	0.0060	0.0203	0.0133
ak	0.0025	0.0060	0.0203	0.0133
al	0.0025	0.0060	0.0203	0.0133
am	0.0039	0.0093	0.0313	0.0206
an	0.0039	0.0093	0.0313	0.0206
ao	0.0018	0.0041	0.0142	0.0093
ap	0.0018	0.0041	0.0142	0.0093
aq	0.0051	0.0120	0.0402	0.0265
ar	0.0029	0.0069	0.0234	0.0154
as	0.0070	0.0165	0.0547	0.0363
at	0.0029	0.0069	0.0234	0.0154
au	0.0018	0.0041	0.0142	0.0093
av	0.0065	0.0153	0.0510	0.0338
aw	0.0049	0.0115	0.0387	0.0255
ax	0.0109	0.0255	0.0828	0.0555
ay	0.0018	0.0041	0.0142	0.0093
az	0.0113	0.0265	0.0858	0.0576
a;	0.0025	0.0060	0.0203	0.0133
a,	0.0039	0.0093	0.0313	0.0206
a.	0.0039	0.0093	0.0313	0.0206
a/	0.0039	0.0093	0.0313	0.0206
ba	0.0053	0.0125	0.0419	0.0277
bb	0.0007	0.0016	0.0054	0.0035
bc	0.0065	0.0153	0.0510	0.0338
bd	0.0042	0.0099	0.0333	0.0219
be	0.0029	0.0069	0.0234	0.0154
bf	0.0064	0.0150	0.0500	0.0331
bg	0.0057	0.0135	0.0452	0.0299
bh	0.0025	0.0060	0.0203	0.0133
bi	0.0018	0.0041	0.0142	0.0093
bj	0.0025	0.0060	0.0203	0.0133
bk	0.0025	0.0060	0.0203	0.0133
bl	0.0025	0.0060	0.0203	0.0133
bm	0.0039	0.0093	0.0313	0.0206
bn	0.0039	0.0093	0.0313	0.0206
bo	0.0018	0.0041	0.0142	0.0093
bp	0.0018	0.0041	0.0142	0.0093
bq	0.0037	0.0087	0.0295	0.0194
br	0.0045	0.0105	0.0353	0.0233
bs	0.0042	0.0099	0.0333	0.0219
bt	0.0040	0.0094	0.0319	0.0210
bu	0.0018	0.0041	0.0142	0.0093
bv	0.0099	0.0232	0.0759	0.0508
bw	0.0029	0.0069	0.0234	0.0154
bx	0.0065	0.0153	0.0510	0.0338
by	0.0018	0.0041	0.0142	0.0093
bz	0.0083	0.0194	0.0639	0.0426
b;	0.0025	0.0060	0.0203	0.0133
b,	0.0039	0.0093	0.0313	0.0206
b.	0.0039	0.0093	0.0313	0.0206
b/	0.0039	0.0093	0.0313	0.0206
ca	0.0053	0.0125	0.0419	0.0277
cb	0.0065	0.0153	0.0510	0.0338
cc	0.0007	0.0016	0.0054	0.0035
cd	0.0057	0.0135	0.0452	0.0299
ce	0.0040	0.0094	0.0319	0.0210
cf	0.0042	0.0099	0.0333	0.0219
cg	0.0042	0.0099	0.0333	0.0219
ch	0.0025	0.0060	0.0203	0.0133
ci	0.0018	0.0041	0.0142	0.0093
cj	0.0025	0.0060	0.0203	0.0133
ck	0.0025	0.0060	0.0203	0.0133
cl	0.0025	0.0060	0.0203	0.0133
cm	0.0039	0.0093	0.0313	0.0206
cn	0.0039	0.0093	0.0313	0.0206
co	0.0018	0.0041	0.0142	0.0093
cp	0.0018	0.0041	0.0142	0.0093
cq	0.0037	0.0087	0.0295	0.0194
cr	0.0029	0.0069	0.0234	0.0154
cs	0.0057	0.0134	0.0450	0.0297
ct	0.0029	0.0069	0.0234	0.0154
cu	0.0018	0.0041	0.0142	0.0093
cv	0.0065	0.0153	0.0510	0.0338
cw	0.0040	0.0094	0.0317	0.0209
cx	0.0089	0.0208	0.0685	0.0457
cy	0.0018	0.0041	0.0142	0.0093
cz	0.0083	0.0194	0.0639	0.0426
c;	0.0025	0.0060	0.0203	0.0133
c,	0.0039	0.0093	0.0313	0.0206
c.	0.0039	0.0093	0.0313	0.0206
c/	0.0039	0.0093	0.0313	0.0206
da	0.0053	0.0125	0.0419	0.0277
db	0.0065	0.0153	0.0510	0.0338
dc	0.0089	0.0209	0.0688	0.0459
dd	0.0004	0.0010	0.0035	0.0023
de	0.0040	0.0094	0.0319	0.0210
df	0.0042	0.0099	0.0333	0.0219
dg	0.0042	0.0099	0.0333	0.0219
dh	0.0025	0.0060	0.0203	0.0133
di	0.0018	0.0041	0.0142	0.0093
dj	0.0025	0.0060	0.0203	0.0133
dk	0.0025	0.0060	0.0203	0.0133
dl	0.0025	0.0060	0.0203	0.0133
dm	0.0039	0.0093	0.0313	0.0206
dn	0.0039	0.0093	0.0313	0.0206
do	0.0018	0.0041	0.0142	0.0093
dp	0.0018	0.0041	0.0142	0.0093
dq	0.0037	0.0087	0.0295	0.0194
dr	0.0029	0.0069	0.0234	0.0154
ds	0.0057	0.0134	0.0450	0.0297
dt	0.0029	0.0069	0.0234	0.0154
du	0.0018	0.0041	0.0142	0.0093
dv	0.0065	0.0153	0.0510	0.0338
dw	0.0040	0.0094	0.0317	0.0209
dx	0.0089	0.0208	0.0685	0.0457
dy	0.0018	0.0041	0.0142	0.0093
dz	0.0083	0.0194	0.0639	0.0426
d;	0.0025	0.0060	0.0203	0.0133
d,	0.0039	0.0093	0.0313	0.0206
d.	0.0039	0.0093	0.0313	0.0206
d/	0.0039	0.0093	0.0313	0.0206
ea	0.0053	0.0125	0.0419	0.0277
eb	0.0065	0.0153	0.0510	0.0338
ec	0.0089	0.0209	0.0688	0.0459
ed	0.0057	0.0135	0.0452	0.0299
ee	0.0003	0.0007	0.0024	0.0016
ef	0.0042	0.0099	0.0333	0.0219
eg	0.0042	0.0099	0.0333	0.0219
eh	0.0025	0.0060	0.0203	0.0133
ei	0.0018	0.0041	0.0142	0.0093
ej	0.0025	0.0060	0.0203	0.0133
ek	0.0025	0.0060	0.0203	0.0133
el	0.0025	0.0060	0.0203	0.0133
em	0.0039	0.0093	0.0313	0.0206
en	0.0039	0.0093	0.0313	0.0206
eo	0.0018	0.0041	0.0142	0.0093
ep	0.0018	0.0041	0.0142	0.0093
eq	0.0037	0.0087	0.0295	0.0194
er	0.0029	0.0069	0.0234	0.0154
es	0.0057	0.0134	0.0450	0.0297
et	0.0029	0.0069	0.0234	0.0154
eu	0.0018	0.0041	0.0142	0.0093
ev	0.0065	0.0153	0.0510	0.0338
ew	0.0040	0.0094	0.0317	0.0209
ex	0.0089	0.0208	0.0685	0.0457
ey	0.0018	0.0041	0.0142	0.0093
ez	0.0083	0.0194	0.0639	0.0426
e;	0.0025	0.0060	0.0203	0.0133
e,	0.0039	0.0093	0.0313	0.0206
e.	0.0039	0.0093	0.0313	0.0206
e/	0.0039	0.0093	0.0313	0.0206
fa	0.0053	0.0125	0.0419	0.0277
fb	0.0099	0.0232	0.0759	0.0508
fc	0.0065	0.0153	0.0510	0.0338
fd	0.0042	0.0099	0.0333	0.0219
fe	0.0029	0.0069	0.0234	0.0154
ff	0.0004	0.0010	0.0035	0.0023
fg	0.0064	0.0150	0.0500	0.0331
fh	0.0025	0.0060	0.0203	0.0133
fi	0.0018	0.0041	0.0142	0.0093
fj	0.0025	0.0060	0.0203	0.0133
fk	0.0025	0.0060	0.0203	0.0133
fl	0.0025	0.0060	0.0203	0.0133
fm	0.0039	0.0093	0.0313	0.0206
fn	0.0039	0.0093	0.0313	0.0206
fo	0.0018	0.0041	0.0142	0.0093
fp	0.0018	0.0041	0.0142	0.0093
fq	0.0037	0.0087	0.0295	0.0194
fr	0.0040	0.0094	0.0319	0.0210
fs	0.0042	0.0099	0.0333	0.0219
ft	0.0045	0.0105	0.0353	0.0233
fu	0.0018	0.0041	0.0142	0.0093
fv	0.0089	0.0209	0.0688	0.0459
fw	0.0029	0.0069	0.0234	0.0154
fx	0.0065	0.0153	0.0510	0.0338
fy	0.0018	0.0041	0.0142	0.0093
fz	0.0083	0.0194	0.0639	0.0426
f;	0.0025	0.0060	0.0203	0.0133
f,	0.0039	0.0093	0.0313	0.0206
f.	0.0039	0.0093	0.0313	0.0206
f/	0.0039	0.0093	0.0313	0.0206
ga	0.0053	0.0125	0.0419	0.0277
gb	0.0089	0.0209	0.0688	0.0459
gc	0.0065	0.0153	0.0510	0.0338
gd	0.0042	0.0099	0.0333	0.0219
ge	0.0029	0.0069	0.0234	0.0154
gf	0.0064	0.0150	0.0500	0.0331
gg	0.0004	0.0010	0.0035	0.0023
gh	0.0025	0.0060	0.0203	0.0133
gi	0.0018	0.0041	0.0142	0.0093
gj	0.0025	0.0060	0.0203	0.0133
gk	0.0025	0.0060	0.0203	0.0133
gl	0.0025	0.0060	0.0203	0.0133
gm	0.0039	0.0093	0.0313	0.0206
gn	0.0039	0.0093	0.0313	0.0206
go	0.0018	0.0041	0.0142	0.0093
gp	0.0018	0.0041	0.0142	0.0093
gq	0.0037	0.0087	0.0295	0.0194
gr	0.0045	0.0105	0.0353	0.0233
gs	0.0042	0.0099	0.0333	0.0219
gt	0.0040	0.0094	0.0319	0.0210
gu	0.0018	0.0041	0.0142	0.0093
gv	0.0099	0.0232	0.0759	0.0508
gw	0.0029	0.0069	0.0234	0.0154
gx	0.0065	0.0153	0.0510	0.0338
gy	0.0018	0.0041	0.0142	0.0093
gz	0.0083	0.0194	0.0639	0.0426
g;	0.0025	0.0060	0.0203	0.0133
g,	0.0039	0.0093	0.0313	0.0206
g.	0.0039	0.0093	0.0313	0.0206
g/	0.0039	0.0093	0.0313	0.0206
ha	0.0032	0.0075	0.0256	0.0168
hb	0.0039	0.0093	0.0313	0.0206
hc	0.0039	0.0093	0.0313	0.0206
hd	0.0025	0.0060	0.0203	0.0133
he	0.0018	0.0041	0.0142	0.0093
hf	0.0025	0.0060	0.0203	0.0133
hg	0.0025	0.0060	0.0203	0.0133
hh	0.0004	0.0010	0.0035	0.0023
hi	0.0029	0.0069	0.0234	0.0154
hj	0.0064	0.0150	0.0500	0.0331
hk	0.0042	0.0099	0.0333	0.0219
hl	0.0042	0.0099	0.0333	0.0219
hm	0.0099	0.0232	0.0759	0.0508
hn	0.0089	0.0209	0.0688	0.0459
ho	0.0029	0.0069	0.0234	0.0154
hp	0.0029	0.0069	0.0234	0.0154
hq	0.0022	0.0053	0.0180	0.0118
hr	0.0018	0.0041	0.0142	0.0093
hs	0.0025	0.0060	0.0203	0.0133
ht	0.0018	0.0041	0.0142	0.0093
hu	0.0045	0.0105	0.0353	0.0233
hv	0.0039	0.0093	0.0313	0.0206
hw	0.0018	0.0041	0.0142	0.0093
hx	0.0039	0.0093	0.0313	0.0206
hy	0.0040	0.0094	0.0319	0.0210
hz	0.0050	0.0117	0.0394	0.0260
h;	0.0042	0.0099	0.0333	0.0219
h,	0.0065	0.0153	0.0510	0.0338
h.	0.0065	0.0153	0.0510	0.0338
h/	0.0065	0.0153	0.0510	0.0338
ia	0.0032	0.0075	0.0256	0.0168
ib	0.0039	0.0093	0.0313	0.0206
ic	0.0039	0.0093	0.0313	0.0206
id	0.0025	0.0060	0.0203	0.0133
ie	0.0018	0.0041	0.0142	0.0093
if	0.0025	0.0060	0.0203	0.0133
ig	0.0025	0.0060	0.0203	0.0133
ih	0.0042	0.0099	0.0333	0.0219
ii	0.0003	0.0007	0.0024	0.0016
ij	0.0042	0.0099	0.0333	0.0219
ik	0.0057	0.0135	0.0452	0.0299
il	0.0057	0.0134	0.0450	0.0297
im	0.0065	0.0153	0.0510	0.0338
in	0.0065	0.0153	0.0510	0.0338
io	0.0040	0.0094	0.0317	0.0209
ip	0.0029	0.0069	0.0234	0.0154
iq	0.0022	0.0053	0.0180	0.0118
ir	0.0018	0.0041	0.0142	0.0093
is	0.0025	0.0060	0.0203	0.0133
it	0.0018	0.0041	0.0142	0.0093
iu	0.0029	0.0069	0.0234	0.0154
iv	0.0039	0.0093	0.0313	0.0206
iw	0.0018	0.0041	0.0142	0.0093
ix	0.0039	0.0093	0.0313	0.0206
iy	0.0029	0.0069	0.0234	0.0154
iz	0.0050	0.0117	0.0394	0.0260
i;	0.0042	0.0099	0.0333	0.0219
i,	0.0089	0.0209	0.0688	0.0459
i.	0.0089	0.0208	0.0685	0.0457
i/	0.0065	0.0153	0.0510	0.0338
ja	0.0032	0.0075	0.0256	0.0168
jb	0.0039	0.0093	0.0313	0.0206
jc	0.0039	0.0093	0.0313	0.0206
jd	0.0025	0.0060	0.0203	0.0133
je	0.0018	0.0041	0.0142	0.0093
jf	0.0025	0.0060	0.0203	0.0133
jg	0.0025	0.0060	0.0203	0.0133
jh	0.0064	0.0150	0.0500	0.0331
ji	0.0029	0.0069	0.0234	0.0154
jj	0.0004	0.0010	0.0035	0.0023
jk	0.0042	0.0099	0.0333	0.0219
jl	0.0042	0.0099	0.0333	0.0219
jm	0.0089	0.0209	0.0688	0.0459
jn	0.0099	0.0232	0.0759	0.0508
jo	0.0029	0.0069	0.0234	0.0154
jp	0.0029	0.0069	0.0234	0.0154
jq	0.0022	0.0053	0.0180	0.0118
jr	0.0018	0.0041	0.0142	0.0093
js	0.0025	0.0060	0.0203	0.0133
jt	0.0018	0.0041	0.0142	0.0093
ju	0.0040	0.0094	0.0319	0.0210
jv	0.0039	0.0093	0.0313	0.0206
jw	0.0018	0.0041	0.0142	0.0093
jx	0.0039	0.0093	0.0313	0.0206
jy	0.0045	0.0105	0.0353	0.0233
jz	0.0050	0.0117	0.0394	0.0260
j;	0.0042	0.0099	0.0333	0.0219
j,	0.0065	0.0153	0.0510	0.0338
j.	0.0065	0.0153	0.0510	0.0338
j/	0.0065	0.0153	0.0510	0.0338
ka	0.0032	0.0075	0.0256	0.0168
kb	0.0039	0.0093	0.0313	0.0206
kc	0.0039	0.0093	0.0313	0.0206
kd	0.0025	0.0060	0.0203	0.0133
ke	0.0018	0.0041	0.0142	0.0093
kf	0.0025	0.0060	0.0203	0.0133
kg	0.0025	0.0060	0.0203	0.0133
kh	0.0042	0.0099	0.0333	0.0219
ki	0.0040	0.0094	0.0319	0.0210
kj	0.0042	0.0099	0.0333	0.0219
kk	0.0004	0.0010	0.0035	0.0023
kl	0.0057	0.0134	0.0450	0.0297
km	0.0065	0.0153	0.0510	0.0338
kn	0.0065	0.0153	0.0510	0.0338
ko	0.0040	0.0094	0.0317	0.0209
kp	0.0029	0.0069	0.0234	0.0154
kq	0.0022	0.0053	0.0180	0.0118
kr	0.0018	0.0041	0.0142	0.0093
ks	0.0025	0.0060	0.0203	0.0133
kt	0.0018	0.0041	0.0142	0.0093
ku	0.0029	0.0069	0.0234	0.0154
kv	0.0039	0.0093	0.0313	0.0206
kw	0.0018	0.0041	0.0142	0.0093
kx	0.0039	0.0093	0.0313	0.0206
ky	0.0029	0.0069	0.0234	0.0154
kz	0.0050	0.0117	0.0394	0.0260
k;	0.0042	0.0099	0.0333	0.0219
k,	0.0089	0.0209	0.0688	0.0459
k.	0.0089	0.0208	0.0685	0.0457
k/	0.0065	0.0153	0.0510	0.0338
la	0.0032	0.0075	0.0256	0.0168
lb	0.0039	0.0093	0.0313	0.0206
lc	0.0039	0.0093	0.0313	0.0206
ld	0.0025	0.0060	0.0203	0.0133
le	0.0018	0.0041	0.0142	0.0093
lf	0.0025	0.0060	0.0203	0.0133
lg	0.0025	0.0060	0.0203	0.0133
lh	0.0042	0.0099	0.0333	0.0219
li	0.0040	0.0094	0.0317	0.0209
lj	0.0042	0.0099	0.0333	0.0219
lk	0.0057	0.0134	0.0450	0.0297
ll	0.0004	0.0010	0.0035	0.0023
lm	0.0065	0.0153	0.0510	0.0338
ln	0.0065	0.0153	0.0510	0.0338
lo	0.0040	0.0094	0.0319	0.0210
lp	0.0049	0.0115	0.0387	0.0255
lq	0.0022	0.0053	0.0180	0.0118
lr	0.0018	0.0041	0.0142	0.0093
ls	0.0025	0.0060	0.0203	0.0133
lt	0.0018	0.0041	0.0142	0.0093
lu	0.0029	0.0069	0.0234	0.0154
lv	0.0039	0.0093	0.0313	0.0206
lw	0.0018	0.0041	0.0142	0.0093
lx	0.0039	0.0093	0.0313	0.0206
ly	0.0029	0.0069	0.0234	0.0154
lz	0.0050	0.0117	0.0394	0.0260
l;	0.0070	0.0165	0.0547	0.0363
l,	0.0089	0.0208	0.0685	0.0457
l.	0.0089	0.0209	0.0688	0.0459
l/	0.0109	0.0255	0.0828	0.0555
ma	0.0032	0.0075	0.0256	0.0168
mb	0.0039	0.0093	0.0313	0.0206
mc	0.0039	0.0093	0.0313	0.0206
md	0.0025	0.0060	0.0203	0.0133
me	0.0018	0.0041	0.0142	0.0093
mf	0.0025	0.0060	0.0203	0.0133
mg	0.0025	0.0060	0.0203	0.0133
mh	0.0064	0.0150	0.0500	0.0331
mi	0.0029	0.0069	0.0234	0.0154
mj	0.0057	0.0135	0.0452	0.0299
mk	0.0042	0.0099	0.0333	0.0219
ml	0.0042	0.0099	0.0333	0.0219
mm	0.0007	0.0016	0.0054	0.0035
mn	0.0099	0.0232	0.0759	0.0508
mo	0.0029	0.0069	0.0234	0.0154
mp	0.0029	0.0069	0.0234	0.0154
mq	0.0022	0.0053	0.0180	0.0118
mr	0.0018	0.0041	0.0142	0.0093
ms	0.0025	0.0060	0.0203	0.0133
mt	0.0018	0.0041	0.0142	0.0093
mu	0.0040	0.0094	0.0319	0.0210
mv	0.0039	0.0093	0.0313	0.0206
mw	0.0018	0.0041	0.0142	0.0093
mx	0.0039	0.0093	0.0313	0.0206
my	0.0045	0.0105	0.0353	0.0233
mz	0.0050	0.0117	0.0394	0.0260
m;	0.0042	0.0099	0.0333	0.0219
m,	0.0065	0.0153	0.0510	0.0338
m.	0.0065	0.0153	0.0510	0.0338
m/	0.0065	0.0153	0.0510	0.0338
na	0.0032	0.0075	0.0256	0.0168
nb	0.0039	0.0093	0.0313	0.0206
nc	0.0039	0.0093	0.0313	0.0206
nd	0.0025	0.0060	0.0203	0.0133
ne	0.0018	0.0041	0.0142	0.0093
nf	0.0025	0.0060	0.0203	0.0133
ng	0.0025	0.0060	0.0203	0.0133
nh	0.0057	0.0135	0.0452	0.0299
ni	0.0029	0.0069	0.0234	0.0154
nj	0.0064	0.0150	0.0500	0.0331
nk	0.0042	0.0099	0.0333	0.0219
nl	0.0042	0.0099	0.0333	0.0219
nm	0.0099	0.0232	0.0759	0.0508
nn	0.0007	0.0016	0.0054	0.0035
no	0.0029	0.0069	0.0234	0.0154
np	0.0029	0.0069	0.0234	0.0154
nq	0.0022	0.0053	0.0180	0.0118
nr	0.0018	0.0041	0.0142	0.0093
ns	0.0025	0.0060	0.0203	0.0133
nt	0.0018	0.0041	0.0142	0.0093
nu	0.0045	0.0105	0.0353	0.0233
nv	0.0039	0.0093	0.0313	0.0206
nw	0.0018	0.0041	0.0142	0.0093
nx	0.0039	0.0093	0.0313	0.0206
ny	0.0040	0.0094	0.0319	0.0210
nz	0.0050	0.0117	0.0394	0.0260
n;	0.0042	0.0099	0.0333	0.0219
n,	0.0065	0.0153	0.0510	0.0338
n.	0.0065	0.0153	0.0510	0.0338
n/	0.0065	0.0153	0.0510	0.0338
oa	0.0032	0.0075	0.0256	0.0168
ob	0.0039	0.0093	0.0313	0.0206
oc	0.0039	0.0093	0.0313	0.0206
od	0.0025	0.0060	0.0203	0.0133
oe	0.0018	0.0041	0.0142	0.0093
of	0.0025	0.0060	0.0203	0.0133
og	0.0025	0.0060	0.0203	0.0133
oh	0.0042	0.0099	0.0333	0.0219
oi	0.0040	0.0094	0.0317	0.0209
oj	0.0042	0.0099	0.0333	0.0219
ok	0.0057	0.0134	0.0450	0.0297
ol	0.0057	0.0135	0.0452	0.0299
om	0.0065	0.0153	0.0510	0.0338
on	0.0065	0.0153	0.0510	0.0338
oo	0.0003	0.0007	0.0024	0.0016
op	0.0049	0.0115	0.0387	0.0255
oq	0.0022	0.0053	0.0180	0.0118
or	0.0018	0.0041	0.0142	0.0093
os	0.0025	0.0060	0.0203	0.0133
ot	0.0018	0.0041	0.0142	0.0093
ou	0.0029	0.0069	0.0234	0.0154
ov	0.0039	0.0093	0.0313	0.0206
ow	0.0018	0.0041	0.0142	0.0093
ox	0.0039	0.0093	0.0313	0.0206
oy	0.0029	0.0069	0.0234	0.0154
oz	0.0050	0.0117	0.0394	0.0260
o;	0.0070	0.0165	0.0547	0.0363
o,	0.0089	0.0208	0.0685	0.0457
o.	0.0089	0.0209	0.0688	0.0459
o/	0.0109	0.0255	0.0828	0.0555
pa	0.0032	0.0075	0.0256	0.0168
pb	0.0039	0.0093	0.0313	0.0206
pc	0.0039	0.0093	0.0313	0.0206
pd	0.0025	0.0060	0.0203	0.0133
pe	0.0018	0.0041	0.0142	0.0093
pf	0.0025	0.0060	0.0203	0.0133
pg	0.0025	0.0060	0.0203	0.0133
ph	0.0042	0.0099	0.0333	0.0219
pi	0.0029	0.0069	0.0234	0.0154
pj	0.0042	0.0099	0.0333	0.0219
pk	0.0042	0.0099	0.0333	0.0219
pl	0.0070	0.0165	0.0547	0.0363
pm	0.0065	0.0153	0.0510	0.0338
pn	0.0065	0.0153	0.0510	0.0338
po	0.0049	0.0115	0.0387	0.0255
pp	0.0003	0.0007	0.0024	0.0016
pq	0.0022	0.0053	0.0180	0.0118
pr	0.0018	0.0041	0.0142	0.0093
ps	0.0025	0.0060	0.0203	0.0133
pt	0.0018	0.0041	0.0142	0.0093
pu	0.0029	0.0069	0.0234	0.0154
pv	0.0039	0.0093	0.0313	0.0206
pw	0.0018	0.0041	0.0142	0.0093
px	0.0039	0.0093	0.0313	0.0206
py	0.0029	0.0069	0.0234	0.0154
pz	0.0050	0.0117	0.0394	0.0260
p;	0.0057	0.0135	0.0452	0.0299
p,	0.0065	0.0153	0.0510	0.0338
p.	0.0109	0.0255	0.0828	0.0555
p/	0.0089	0.0209	0.0688	0.0459
qa	0.0073	0.0171	0.0567	0.0377
qb	0.0065	0.0153	0.0510	0.0338
qc	0.0065	0.0153	0.0510	0.0338
qd	0.0042	0.0099	0.0333	0.0219
qe	0.0029	0.0069	0.0234	0.0154
qf	0.0042	0.0099	0.0333	0.0219
qg	0.0042	0.0099	0.0333	0.0219
qh	0.0025	0.0060	0.0203	0.0133
qi	0.0018	0.0041	0.0142	0.0093
qj	0.0025	0.0060	0.0203	0.0133
qk	0.0025	0.0060	0.0203	0.0133
ql	0.0025	0.0060	0.0203	0.0133
qm	0.0039	0.0093	0.0313	0.0206
qn	0.0039	0.0093	0.0313	0.0206
qo	0.0018	0.0041	0.0142	0.0093
qp	0.0018	0.0041	0.0142	0.0093
qq	0.0004	0.0009	0.0031	0.0020
qr	0.0029	0.0069	0.0234	0.0154
qs	0.0070	0.0165	0.0547	0.0363
qt	0.0029	0.0069	0.0234	0.0154
qu	0.0018	0.0041	0.0142	0.0093
qv	0.0065	0.0153	0.0510	0.0338
qw	0.0049	0.0115	0.0387	0.0255
qx	0.0109	0.0255	0.0828	0.0555
qy	0.0018	0.0041	0.0142	0.0093
qz	0.0113	0.0265	0.0858	0.0576
q;	0.0025	0.0060	0.0203	0.0133
q,	0.0039	0.0093	0.0313	0.0206
q.	0.0039	0.0093	0.0313	0.0206
q/	0.0039	0.0093	0.0313	0.0206
ra	0.0053	0.0125	0.0419	0.0277
rb	0.0099	0.0232	0.0759	0.0508
rc	0.0065	0.0153	0.0510	0.0338
rd	0.0042	0.0099	0.0333	0.0219
re	0.0029	0.0069	0.0234	0.0154
rf	0.0057	0.0135	0.0452	0.0299
rg	0.0064	0.0150	0.0500	0.0331
rh	0.0025	0.0060	0.0203	0.0133
ri	0.0018	0.0041	0.0142	0.0093
rj	0.0025	0.0060	0.0203	0.0133
rk	0.0025	0.0060	0.0203	0.0133
rl	0.0025	0.0060	0.0203	0.0133
rm	0.0039	0.0093	0.0313	0.0206
rn	0.0039	0.0093	0.0313	0.0206
ro	0.0018	0.0041	0.0142	0.0093
rp	0.0018	0.0041	0.0142	0.0093
rq	0.0037	0.0087	0.0295	0.0194
rr	0.0003	0.0007	0.0024	0.0016
rs	0.0042	0.0099	0.0333	0.0219
rt	0.0045	0.0105	0.0353	0.0233
ru	0.0018	0.0041	0.0142	0.0093
rv	0.0089	0.0209	0.0688	0.0459
rw	0.0029	0.0069	0.0234	0.0154
rx	0.0065	0.0153	0.0510	0.0338
ry	0.0018	0.0041	0.0142	0.0093
rz	0.0083	0.0194	0.0639	0.0426
r;	0.0025	0.0060	0.0203	0.0133
r,	0.0039	0.0093	0.0313	0.0206
r.	0.0039	0.0093	0.0313	0.0206
r/	0.0039	0.0093	0.0313	0.0206
sa	0.0089	0.0208	0.0684	0.0456
sb	0.0065	0.0153	0.0510	0.0338
sc	0.0089	0.0208	0.0685	0.0457
sd	0.0057	0.0134	0.0450	0.0297
se	0.0040	0.0094	0.0317	0.0209
sf	0.0042	0.0099	0.0333	0.0219
sg	0.0042	0.0099	0.0333	0.0219
sh	0.0025	0.0060	0.0203	0.0133
si	0.0018	0.0041	0.0142	0.0093
sj	0.0025	0.0060	0.0203	0.0133
sk	0.0025	0.0060	0.0203	0.0133
sl	0.0025	0.0060	0.0203	0.0133
sm	0.0039	0.0093	0.0313	0.0206
sn	0.0039	0.0093	0.0313	0.0206
so	0.0018	0.0041	0.0142	0.0093
sp	0.0018	0.0041	0.0142	0.0093
sq	0.0062	0.0146	0.0486	0.0322
sr	0.0029	0.0069	0.0234	0.0154
ss	0.0004	0.0010	0.0035	0.0023
st	0.0029	0.0069	0.0234	0.0154
su	0.0018	0.0041	0.0142	0.0093
sv	0.0065	0.0153	0.0510	0.0338
sw	0.0040	0.0094	0.0319	0.0210
sx	0.0089	0.0209	0.0688	0.0459
sy	0.0018	0.0041	0.0142	0.0093
sz	0.0138	0.0321	0.1029	0.0695
s;	0.0025	0.0060	0.0203	0.0133
s,	0.0039	0.0093	0.0313	0.0206
s.	0.0039	0.0093	0.0313	0.0206
s/	0.0039	0.0093	0.0313	0.0206
ta	0.0053	0.0125	0.0419	0.0277
tb	0.0089	0.0209	0.0688	0.0459
tc	0.0065	0.0153	0.0510	0.0338
td	0.0042	0.0099	0.0333	0.0219
te	0.0029	0.0069	0.0234	0.0154
tf	0.0064	0.0150	0.0500	0.0331
tg	0.0057	0.0135	0.0452	0.0299
th	0.0025	0.0060	0.0203	0.0133
ti	0.0018	0.0041	0.0142	0.0093
tj	0.0025	0.0060	0.0203	0.0133
tk	0.0025	0.0060	0.0203	0.0133
tl	0.0025	0.0060	0.0203	0.0133
tm	0.0039	0.0093	0.0313	0.0206
tn	0.0039	0.0093	0.0313	0.0206
to	0.0018	0.0041	0.0142	0.0093
tp	0.0018	0.0041	0.0142	0.0093
tq	0.0037	0.0087	0.0295	0.0194
tr	0.0045	0.0105	0.0353	0.0233
ts	0.0042	0.0099	0.0333	0.0219
tt	0.0003	0.0007	0.0024	0.0016
tu	0.0018	0.0041	0.0142	0.0093
tv	0.0099	0.0232	0.0759	0.0508
tw	0.0029	0.0069	0.0234	0.0154
tx	0.0065	0.0153	0.0510	0.0338
ty	0.0018	0.0041	0.0142	0.0093
tz	0.0083	0.0194	0.0639	0.0426
t;	0.0025	0.0060	0.0203	0.0133
t,	0.0039	0.0093	0.0313	0.0206
t.	0.0039	0.0093	0.0313	0.0206
t/	0.0039	0.0093	0.0313	0.0206
ua	0.0032	0.0075	0.0256	0.0168
ub	0.0039	0.0093	0.0313	0.0206
uc	0.0039	0.0093	0.0313	0.0206
ud	0.0025	0.0060	0.0203	0.0133
ue	0.0018	0.0041	0.0142	0.0093
uf	0.0025	0.0060	0.0203	0.0133
ug	0.0025	0.0060	0.0203	0.0133
uh	0.0064	0.0150	0.0500	0.0331
ui	0.0029	0.0069	0.0234	0.0154
uj	0.0057	0.0135	0.0452	0.0299
uk	0.0042	0.0099	0.0333	0.0219
ul	0.0042	0.0099	0.0333	0.0219
um	0.0089	0.0209	0.0688	0.0459
un	0.0099	0.0232	0.0759	0.0508
uo	0.0029	0.0069	0.0234	0.0154
up	0.0029	0.0069	0.0234	0.0154
uq	0.0022	0.0053	0.0180	0.0118
ur	0.0018	0.0041	0.0142	0.0093
us	0.0025	0.0060	0.0203	0.0133
ut	0.0018	0.0041	0.0142	0.0093
uu	0.0003	0.0007	0.0024	0.0016
uv	0.0039	0.0093	0.0313	0.0206
uw	0.0018	0.0041	0.0142	0.0093
ux	0.0039	0.0093	0.0313	0.0206
uy	0.0045	0.0105	0.0353	0.0233
uz	0.0050	0.0117	0.0394	0.0260
u;	0.0042	0.0099	0.0333	0.0219
u,	0.0065	0.0153	0.0510	0.0338
u.	0.0065	0.0153	0.0510	0.0338
u/	0.0065	0.0153	0.0510	0.0338
va	0.0053	0.0125	0.0419	0.0277
vb	0.0099	0.0232	0.0759	0.0508
vc	0.0065	0.0153	0.0510	0.0338
vd	0.0042	0.0099	0.0333	0.0219
ve	0.0029	0.0069	0.0234	0.0154
vf	0.0057	0.0135	0.0452	0.0299
vg	0.0064	0.0150	0.0500	0.0331
vh	0.0025	0.0060	0.0203	0.0133
vi	0.0018	0.0041	0.0142	0.0093
vj	0.0025	0.0060	0.0203	0.0133
vk	0.0025	0.0060	0.0203	0.0133
vl	0.0025	0.0060	0.0203	0.0133
vm	0.0039	0.0093	0.0313	0.0206
vn	0.0039	0.0093	0.0313	0.0206
vo	0.0018	0.0041	0.0142	0.0093
vp	0.0018	0.0041	0.0142	0.0093
vq	0.0037	0.0087	0.0295	0.0194
vr	0.0040	0.0094	0.0319	0.0210
vs	0.0042	0.0099	0.0333	0.0219
vt	0.0045	0.0105	0.0353	0.0233
vu	0.0018	0.0041	0.0142	0.0093
vv	0.0007	0.0016	0.0054	0.0035
vw	0.0029	0.0069	0.0234	0.0154
vx	0.0065	0.0153	0.0510	0.0338
vy	0.0018	0.0041	0.0142	0.0093
vz	0.0083	0.0194	0.0639	0.0426
v;	0.0025	0.0060	0.0203	0.0133
v,	0.0039	0.0093	0.0313	0.0206
v.	0.0039	0.0093	0.0313	0.0206
v/	0.0039	0.0093	0.0313	0.0206
wa	0.0089	0.0208	0.0684	0.0456
wb	0.0065	0.0153	0.0510	0.0338
wc	0.0089	0.0208	0.0685	0.0457
wd	0.0057	0.0134	0.0450	0.0297
we	0.0040	0.0094	0.0317	0.0209
wf	0.0042	0.0099	0.0333	0.0219
wg	0.0042	0.0099	0.0333	0.0219
wh	0.0025	0.0060	0.0203	0.0133
wi	0.0018	0.0041	0.0142	0.0093
wj	0.0025	0.0060	0.0203	0.0133
wk	0.0025	0.0060	0.0203	0.0133
wl	0.0025	0.0060	0.0203	0.0133
wm	0.0039	0.0093	0.0313	0.0206
wn	0.0039	0.0093	0.0313	0.0206
wo	0.0018	0.0041	0.0142	0.0093
wp	0.0018	0.0041	0.0142	0.0093
wq	0.0062	0.0146	0.0486	0.0322
wr	0.0029	0.0069	0.0234	0.0154
ws	0.0057	0.0135	0.0452	0.0299
wt	0.0029	0.0069	0.0234	0.0154
wu	0.0018	0.0041	0.0142	0.0093
wv	0.0065	0.0153	0.0510	0.0338
ww	0.0003	0.0007	0.0024	0.0016
wx	0.0089	0.0209	0.0688	0.0459
wy	0.0018	0.0041	0.0142	0.0093
wz	0.0138	0.0321	0.1029	0.0695
w;	0.0025	0.0060	0.0203	0.0133
w,	0.0039	0.0093	0.0313	0.0206
w.	0.0039	0.0093	0.0313	0.0206
w/	0.0039	0.0093	0.0313	0.0206
xa	0.0089	0.0208	0.0684	0.0456
xb	0.0065	0.0153	0.0510	0.0338
xc	0.0089	0.0208	0.0685	0.0457
xd	0.0057	0.0134	0.0450	0.0297
xe	0.0040	0.0094	0.0317	0.0209
xf	0.0042	0.0099	0.0333	0.0219
xg	0.0042	0.0099	0.0333	0.0219
xh	0.0025	0.0060	0.0203	0.0133
xi	0.0018	0.0041	0.0142	0.0093
xj	0.0025	0.0060	0.0203	0.0133
xk	0.0025	0.0060	0.0203	0.0133
xl	0.0025	0.0060	0.0203	0.0133
xm	0.0039	0.0093	0.0313	0.0206
xn	0.0039	0.0093	0.0313	0.0206
xo	0.0018	0.0041	0.0142	0.0093
xp	0.0018	0.0041	0.0142	0.0093
xq	0.0062	0.0146	0.0486	0.0322
xr	0.0029	0.0069	0.0234	0.0154
xs	0.0057	0.0135	0.0452	0.0299
xt	0.0029	0.0069	0.0234	0.0154
xu	0.0018	0.0041	0.0142	0.0093
xv	0.0065	0.0153	0.0510	0.0338
xw	0.0040	0.0094	0.0319	0.0210
xx	0.0007	0.0016	0.0054	0.0035
xy	0.0018	0.0041	0.0142	0.0093
xz	0.0138	0.0321	0.1029	0.0695
x;	0.0025	0.0060	0.0203	0.0133
x,	0.0039	0.0093	0.0313	0.0206
x.	0.0039	0.0093	0.0313	0.0206
x/	0.0039	0.0093	0.0313	0.0206
ya	0.0032	0.0075	0.0256	0.0168
yb	0.0039	0.0093	0.0313	0.0206
yc	0.0039	0.0093	0.0313	0.0206
yd	0.0025	0.0060	0.0203	0.0133
ye	0.0018	0.0041	0.0142	0.0093
yf	0.0025	0.0060	0.0203	0.0133
yg	0.0025	0.0060	0.0203	0.0133
yh	0.0057	0.0135	0.0452	0.0299
yi	0.0029	0.0069	0.0234	0.0154
yj	0.0064	0.0150	0.0500	0.0331
yk	0.0042	0.0099	0.0333	0.0219
yl	0.0042	0.0099	0.0333	0.0219
ym	0.0099	0.0232	0.0759	0.0508
yn	0.0089	0.0209	0.0688	0.0459
yo	0.0029	0.0069	0.0234	0.0154
yp	0.0029	0.0069	0.0234	0.0154
yq	0.0022	0.0053	0.0180	0.0118
yr	0.0018	0.0041	0.0142	0.0093
ys	0.0025	0.0060	0.0203	0.0133
yt	0.0018	0.0041	0.0142	0.0093
yu	0.0045	0.0105	0.0353	0.0233
yv	0.0039	0.0093	0.0313	0.0206
yw	0.0018	0.0041	0.0142	0.0093
yx	0.0039	0.0093	0.0313	0.0206
yy	0.0003	0.0007	0.0024	0.0016
yz	0.0050	0.0117	0.0394	0.0260
y;	0.0042	0.0099	0.0333	0.0219
y,	0.0065	0.0153	0.0510	0.0338
y.	0.0065	0.0153	0.0510	0.0338
y/	0.0065	0.0153	0.0510	0.0338
za	0.0073	0.0171	0.0567	0.0377
zb	0.0065	0.0153	0.0510	0.0338
zc	0.0065	0.0153	0.0510	0.0338
zd	0.0042	0.0099	0.0333	0.0219
ze	0.0029	0.0069	0.0234	0.0154
zf	0.0042	0.0099	0.0333	0.0219
zg	0.0042	0.0099	0.0333	0.0219
zh	0.0025	0.0060	0.0203	0.0133
zi	0.0018	0.0041	0.0142	0.0093
zj	0.0025	0.0060	0.0203	0.0133
zk	0.0025	0.0060	0.0203	0.0133
zl	0.0025	0.0060	0.0203	0.0133
zm	0.0039	0.0093	0.0313	0.0206
zn	0.0039	0.0093	0.0313	0.0206
zo	0.0018	0.0041	0.0142	0.0093
zp	0.0018	0.0041	0.0142	0.0093
zq	0.0051	0.0120	0.0402	0.0265
zr	0.0029	0.0069	0.0234	0.0154
zs	0.0070	0.0165	0.0547	0.0363
zt	0.0029	0.0069	0.0234	0.0154
zu	0.0018	0.0041	0.0142	0.0093
zv	0.0065	0.0153	0.0510	0.0338
zw	0.0049	0.0115	0.0387	0.0255
zx	0.0109	0.0255	0.0828	0.0555
zy	0.0018	0.0041	0.0142	0.0093
zz	0.0008	0.0020	0.0069	0.0045
z;	0.0025	0.0060	0.0203	0.0133
z,	0.0039	0.0093	0.0313	0.0206
z.	0.0039	0.0093	0.0313	0.0206
z/	0.0039	0.0093	0.0313	0.0206
;a	0.0032	0.0075	0.0256	0.0168
;b	0.0039	0.0093	0.0313	0.0206
;c	0.0039	0.0093	0.0313	0.0206
;d	0.0025	0.0060	0.0203	0.0133
;e	0.0018	0.0041	0.0142	0.0093
;f	0.0025	0.0060	0.0203	0.0133
;g	0.0025	0.0060	0.0203	0.0133
;h	0.0042	0.0099	0.0333	0.0219
;i	0.0029	0.0069	0.0234	0.0154
;j	0.0042	0.0099	0.0333	0.0219
;k	0.0042	0.0099	0.0333	0.0219
;l	0.0070	0.0165	0.0547	0.0363
;m	0.0065	0.0153	0.0510	0.0338
;n	0.0065	0.0153	0.0510	0.0338
;o	0.0049	0.0115	0.0387	0.0255
;p	0.0040	0.0094	0.0319	0.0210
;q	0.0022	0.0053	0.0180	0.0118
;r	0.0018	0.0041	0.0142	0.0093
;s	0.0025	0.0060	0.0203	0.0133
;t	0.0018	0.0041	0.0142	0.0093
;u	0.0029	0.0069	0.0234	0.0154
;v	0.0039	0.0093	0.0313	0.0206
;w	0.0018	0.0041	0.0142	0.0093
;x	0.0039	0.0093	0.0313	0.0206
;y	0.0029	0.0069	0.0234	0.0154
;z	0.0050	0.0117	0.0394	0.0260
;;	0.0004	0.0010	0.0035	0.0023
;,	0.0065	0.0153	0.0510	0.0338
;.	0.0109	0.0255	0.0828	0.0555
;/	0.0089	0.0209	0.0688	0.0459
,a	0.0032	0.0075	0.0256	0.0168
,b	0.0039	0.0093	0.0313	0.0206
,c	0.0039	0.0093	0.0313	0.0206
,d	0.0025	0.0060	0.0203	0.0133
,e	0.0018	0.0041	0.0142	0.0093
,f	0.0025	0.0060	0.0203	0.0133
,g	0.0025	0.0060	0.0203	0.0133
,h	0.0042	0.0099	0.0333	0.0219
,i	0.0040	0.0094	0.0319	0.0210
,j	0.0042	0.0099	0.0333	0.0219
,k	0.0057	0.0135	0.0452	0.0299
,l	0.0057	0.0134	0.0450	0.0297
,m	0.0065	0.0153	0.0510	0.0338
,n	0.0065	0.0153	0.0510	0.0338
,o	0.0040	0.0094	0.0317	0.0209
,p	0.0029	0.0069	0.0234	0.0154
,q	0.0022	0.0053	0.0180	0.0118
,r	0.0018	0.0041	0.0142	0.0093
,s	0.0025	0.0060	0.0203	0.0133
,t	0.0018	0.0041	0.0142	0.0093
,u	0.0029	0.0069	0.0234	0.0154
,v	0.0039	0.0093	0.0313	0.0206
,w	0.0018	0.0041	0.0142	0.0093
,x	0.0039	0.0093	0.0313	0.0206
,y	0.0029	0.0069	0.0234	0.0154
,z	0.0050	0.0117	0.0394	0.0260
,;	0.0042	0.0099	0.0333	0.0219
,,	0.0007	0.0016	0.0054	0.0035
,.	0.0089	0.0208	0.0685	0.0457
,/	0.0065	0.0153	0.0510	0.0338
.a	0.0032	0.0075	0.0256	0.0168
.b	0.0039	0.0093	0.0313	0.0206
.c	0.0039	0.0093	0.0313	0.0206
.d	0.0025	0.0060	0.0203	0.0133
.e	0.0018	0.0041	0.0142	0.0093
.f	0.0025	0.0060	0.0203	0.0133
.g	0.0025	0.0060	0.0203	0.0133
.h	0.0042	0.0099	0.0333	0.0219
.i	0.0040	0.0094	0.0317	0.0209
.j	0.0042	0.0099	0.0333	0.0219
.k	0.0057	0.0134	0.0450	0.0297
.l	0.0057	0.0135	0.0452	0.0299
.m	0.0065	0.0153	0.0510	0.0338
.n	0.0065	0.0153	0.0510	0.0338
.o	0.0040	0.0094	0.0319	0.0210
.p	0.0049	0.0115	0.0387	0.0255
.q	0.0022	0.0053	0.0180	0.0118
.r	0.0018	0.0041	0.0142	0.0093
.s	0.0025	0.0060	0.0203	0.0133
.t	0.0018	0.0041	0.0142	0.0093
.u	0.0029	0.0069	0.0234	0.0154
.v	0.0039	0.0093	0.0313	0.0206
.w	0.0018	0.0041	0.0142	0.0093
.x	0.0039	0.0093	0.0313	0.0206
.y	0.0029	0.0069	0.0234	0.0154
.z	0.0050	0.0117	0.0394	0.0260
.;	0.0070	0.0165	0.0547	0.0363
.,	0.0089	0.0208	0.0685	0.0457
..	0.0007	0.0016	0.0054	0.0035
./	0.0109	0.0255	0.0828	0.0555
/a	0.0032	0.0075	0.0256	0.0168
/b	0.0039	0.0093	0.0313	0.0206
/c	0.0039	0.0093	0.0313	0.0206
/d	0.0025	0.0060	0.0203	0.0133
/e	0.0018	0.0041	0.0142	0.0093
/f	0.0025	0.0060	0.0203	0.0133
/g	0.0025	0.0060	0.0203	0.0133
/h	0.0042	0.0099	0.0333	0.0219
/i	0.0029	0.0069	0.0234	0.0154
/j	0.0042	0.0099	0.0333	0.0219
/k	0.0042	0.0099	0.0333	0.0219
/l	0.0070	0.0165	0.0547	0.0363
/m	0.0065	0.0153	0.0510	0.0338
/n	0.0065	0.0153	0.0510	0.0338
/o	0.0049	0.0115	0.0387	0.0255
/p	0.0040	0.0094	0.0319	0.0210
/q	0.0022	0.0053	0.0180	0.0118
/r	0.0018	0.0041	0.0142	0.0093
/s	0.0025	0.0060	0.0203	0.0133
/t	0.0018	0.0041	0.0142	0.0093
/u	0.0029	0.0069	0.0234	0.0154
/v	0.0039	0.0093	0.0313	0.0206
/w	0.0018	0.0041	0.0142	0.0093
/x	0.0039	0.0093	0.0313	0.0206
/y	0.0029	0.0069	0.0234	0.0154
/z	0.0050	0.0117	0.0394	0.0260
/;	0.0057	0.0135	0.0452	0.0299
/,	0.0065	0.0153	0.0510	0.0338
/.	0.0109	0.0255	0.0828	0.0555
//	0.0007	0.0016	0.0054	0.0035
